JOB="AR159"
TRCFMT=1;360;E;R;F
R=305;306;306;307;308;308;309;310;310;311
R=314;315;316;317;318;319;319;320;319;317
R=315;312;308;303;298;293;288;282;277;272
R=267;263;258;254;250;246;243;240;236;234
R=230;228;224;222;220;217;215;213;212;209
R=207;205;205;203;201;200;199;198;196;195
R=194;193;193;192;191;190;189;188;187;188
R=187;186;186;185;185;184;184;183;183;183
R=182;182;182;182;181;181;181;181;181;181
R=181;181;181;181;181;182;182;182;182;183
R=183;183;184;184;184;184;185;185;186;187
R=187;188;189;189;189;190;191;193;194;195
R=196;196;196;199;200;202;202;204;206;208
R=209;209;214;214;214;220;220;225;225;230
R=230;236;236;241;241;246;251;257;257;261
R=265;273;277;281;288;294;299;304;309;315
R=320;324;329;333;336;338;339;335;335;336
R=336;334;331;330;328;326;323;322;319;318
R=316;314;312;311;309;307;306;305;303;302
R=300;299;297;296;294;293;291;289;288;285
R=284;282;279;277;274;273;270;267;265;262
R=259;257;254;252;249;246;244;242;240;237
R=234;232;231;228;226;225;224;222;219;219
R=216;216;214;212;212;210;209;208;208;206
R=205;204;203;202;202;201;200;200;199;198
R=198;198;197;196;196;195;196;195;195;194
R=194;194;193;193;193;194;193;193;193;193
R=193;193;193;193;193;193;193;194;194;194
R=194;195;195;195;196;196;197;198;198;198
R=198;199;200;201;201;202;204;205;206;207
R=207;208;210;211;213;213;215;219;219;219
R=224;224;225;229;229;234;234;238;243;243
R=246;250;253;257;260;262;265;270;273;278
R=284;287;291;296;299;304;307;308;310;310
R=311;311;310;311;310;310;309;309;308;307
R=306;306;306;305;305;305;305;305;305;305
HBOX=65;65
VBOX=38;38
FED=69;69
TRCFMT=1;360;E;R;F
R=305;305;305;305;305;305;305;306;306;306
R=307;308;309;309;310;310;311;310;311;311
R=310;310;308;307;304;299;296;291;287;284
R=278;273;270;265;262;260;257;253;250;246
R=243;243;238;234;234;229;229;225;224;224
R=219;219;219;215;213;213;211;210;208;207
R=207;206;205;204;202;201;201;200;199;198
R=198;198;198;197;196;196;195;195;195;194
R=194;194;194;193;193;193;193;193;193;193
R=193;193;193;193;194;193;193;193;194;194
R=194;195;195;196;195;196;196;197;198;198
R=198;199;200;200;201;202;202;203;204;205
R=206;208;208;209;210;212;212;214;216;216
R=219;219;222;224;225;226;228;231;232;234
R=237;240;242;244;246;249;252;254;257;259
R=262;265;267;270;273;274;277;279;282;284
R=285;288;289;291;293;294;296;297;299;300
R=302;303;305;306;307;309;311;312;314;316
R=318;319;322;323;326;328;330;331;334;336
R=336;335;335;339;338;336;333;329;324;320
R=315;309;304;299;294;288;281;277;273;265
R=261;257;257;251;246;241;241;236;236;230
R=230;225;225;220;220;214;214;214;209;209
R=208;206;204;202;202;200;199;196;196;196
R=195;194;193;191;190;189;189;189;188;187
R=187;186;185;185;184;184;184;184;183;183
R=183;182;182;182;182;181;181;181;181;181
R=181;181;181;181;181;181;182;182;182;182
R=183;183;183;184;184;185;185;186;186;187
R=188;187;188;189;190;191;192;193;193;194
R=195;196;198;199;200;201;203;205;205;207
R=209;212;213;215;217;220;222;224;228;230
R=234;236;240;243;246;250;254;258;263;267
R=272;277;282;288;293;298;303;308;312;315
R=317;319;320;319;319;318;317;316;315;314
R=311;310;310;309;308;308;307;306;306;305
HBOX=65;65
VBOX=38;38
FED=69;69
DBL=11
